0.000   0.100   0.700   0.100   0.000  
0.000   0.000   0.100   0.000   0.000  
0.000   0.000   0.000   0.000   0.000  
0.000   0.000   0.000   0.000   0.000  
0.000   0.000   0.000   0.000   0.000  
0.000   0.000   0.000   0.000   0.000  
0.000   0.000   0.000   0.000   0.000  
0.000   0.000   0.000   0.000   0.000  
0.000   0.000   0.100   0.000   0.000  
0.000   0.100   0.700   0.100   0.000  
0.000   0.000   0.000   0.000   0.000  
0.100   0.000   0.000   0.000   0.000  
0.700   0.100   0.000   0.000   0.000  
0.100   0.000   0.000   0.000   0.000  
0.000   0.000   0.000   0.000   0.000  
0.000   0.000   0.000   0.000   0.000  
0.000   0.000   0.000   0.000   0.100  
0.000   0.000   0.000   0.100   0.700  
0.000   0.000   0.000   0.000   0.100  
0.000   0.000   0.000   0.000   0.000  
0.700   0.100   0.000   0.000   0.000  
0.100   0.100   0.000   0.000   0.000  
0.000   0.000   0.000   0.000   0.000  
0.000   0.000   0.000   0.000   0.000  
0.000   0.000   0.000   0.000   0.000  
0.000   0.000   0.000   0.100   0.700  
0.000   0.000   0.000   0.100   0.100  
0.000   0.000   0.000   0.000   0.000  
0.000   0.000   0.000   0.000   0.000  
0.000   0.000   0.000   0.000   0.000  
0.000   0.000   0.000   0.000   0.000  
0.000   0.000   0.000   0.000   0.000  
0.000   0.000   0.000   0.000   0.000  
0.100   0.100   0.000   0.000   0.000  
0.700   0.100   0.000   0.000   0.000  
0.000   0.000   0.000   0.000   0.000  
0.000   0.000   0.000   0.000   0.000  
0.000   0.000   0.000   0.000   0.000  
0.000   0.000   0.000   0.100   0.100  
0.000   0.000   0.000   0.100   0.700  
